camera_matrix:
- - 581.4248528923403
  - 0.0
  - 349.8520845359355
- - 0.0
  - 583.0171222096794
  - 211.90525895012584
- - 0.0
  - 0.0
  - 1.0
dist_coeff:
- - -0.3784675979619925
  - -0.006056375110045488
  - 0.001297901846584707
  - -0.003341463757038036
  - 0.25579944241439306
