camera_matrix:
- - 596.6136157406194
  - 0.0
  - 328.32739397761435
- - 0.0
  - 596.3944756894851
  - 207.36494417972193
- - 0.0
  - 0.0
  - 1.0
dist_coeff:
- - -0.4372593428922051
  - 0.29539863987918413
  - 0.001241174599601826
  - 0.000977502733992445
  - -0.15559750732577746
