camera_matrix:
- - 585.7662326595522
  - 0.0
  - 331.31260038267834
- - 0.0
  - 587.3551751206543
  - 220.40637038948003
- - 0.0
  - 0.0
  - 1.0
dist_coeff:
- - -0.4127193789055488
  - 0.20576305998925318
  - -0.0016716095197628652
  - 0.0021093229353354465
  - -0.00510833135857171
