camera_matrix:
- - 575.9856635849069
  - 0.0
  - 341.9087192220557
- - 0.0
  - 575.5855430979688
  - 230.02853575918135
- - 0.0
  - 0.0
  - 1.0
dist_coeff:
- - -0.4112925091144111
  - 0.2543521911899233
  - 0.0004630601771879111
  - -0.0031018482643224575
  - -0.15531261884080153
