camera_matrix:
- - 579.0561641130138
  - 0.0
  - 367.63179467093994
- - 0.0
  - 580.5110637787832
  - 205.66339532079397
- - 0.0
  - 0.0
  - 1.0
dist_coeff:
- - -0.39180908495584776
  - 0.12128357105115
  - 0.0008385251931853871
  - -0.001336907516563122
  - 0.03622769018065322
