camera_matrix:
- - 589.2678740465893
  - 0.0
  - 360.7562954333174
- - 0.0
  - 588.3283124033934
  - 229.65330113945927
- - 0.0
  - 0.0
  - 1.0
dist_coeff:
- - -0.4003160209939034
  - 0.057038417288267244
  - -0.00021952153111566165
  - -0.002627009754899686
  - 0.1850395020517708
