camera_matrix:
- - 861.2163867182664
  - 0.0
  - 288.1817197989539
- - 0.0
  - 865.2645407501545
  - 232.48320594599159
- - 0.0
  - 0.0
  - 1.0
dist_coeff:
- - -0.909678342749015
  - 8.752309421862796
  - -0.01818823971988689
  - 0.013295359076073996
  - -16.892109476062515
